Datensatz-Zusammenfassung
=========================

rows: 4509
scans: 628
unique_network_entities: 2100
unique_bssids: 2100
unique_ssids: 1124
time_start: 2026-04-08 11:32:48
time_end: 2026-04-08 14:13:01
rssi_range: -97 bis -18 dBm
latitude_range: 48.878575 bis 48.891639
longitude_range: 8.696147 bis 8.715884
bbox_meters: 1454.3 m x 1444.7 m
